797.94787 64792.02253 126256.66388 103751.30449 3495.40062 20923.95523 57725.52144 3846.94919 89227.59715 3313.84552 29521.67845 306624.10438 80322.59916 559745.67611 1304.42323 57195.70727 632.83982 303085.13014 245619.44198 419208.38452 33563.22923 57784.09728 16894.36638 5312.0696 61288.42727 3346.69428
41224.72992 3082.7669 532.78096 697.61165 162492.57887 41.08696 72.03255 297.97934 30056.79357 6548.53039 26.39491 65810.97936 882.28719 590.62122 55099.18152 154.2725 3.46506 31456.11704 12923.19275 4822.7294 52148.02738 1083.85069 83.19869 7.78622 49758.14759 10.07374
151744.13181 177.51935 23442.19345 629.0591 183677.73425 397.04311 249.75673 168549.85236 79369.22442 29.62048 33166.60134 42016.17719 751.44874 242.49641 223841.67777 370.67423 1543.63546 42141.50542 6435.30723 129978.49406 45851.65906 58.69407 39.09223 8.76736 11763.24279 206.01701
42595.90348 781.90243 710.30077 12054.46875 215653.00071 783.47492 8741.88188 1533.44431 138999.90598 1348.32736 94.94027 9118.86482 5125.22701 2134.31654 53075.9156 488.55638 199.279 24093.99231 35601.25353 816.48332 41860.93215 5372.21821 2301.52384 12.96277 14217.51251 22.00704
194039.41063 7633.83542 134577.63533 329371.40633 106471.99443 45884.97002 33705.15965 7422.40059 51698.98489 1281.94584 4644.49289 149527.16079 105360.54813 410049.03554 20442.68477 48378.00987 16143.12175 577541.62106 377663.88079 116341.61334 8784.0209 71840.41787 32935.2919 60353.35807 40531.44855 1275.40198
46242.41031 77.30842 162.5439 139.66832 66705.66518 41256.34219 144.24524 51.66165 80243.55222 20.65436 32.93208 18300.98844 193.40776 118.23066 137530.06196 62.62895 1.4943 60112.00185 1553.49948 23026.59749 27061.68901 8.07297 64.51511 8.12116 2565.35008 2.6386
41752.74057 139.44852 64.55066 890.87728 108610.45622 339.62536 6979.99944 64148.27751 42756.398 10.93028 73.38894 17097.52272 2779.66576 18508.01359 37255.58729 116.12944 3.45624 55484.72398 14434.74876 4343.02509 24184.10978 11.92366 182.60884 5.5703 7314.20025 34.31194
261034.11208 1237.78334 346.31551 805.44316 866973.36727 632.49924 77.89748 147.30425 215208.45924 12.8237 65.9561 3550.4962 3593.16447 7262.88117 136726.03513 166.96129 119.25353 23795.84978 4140.44112 36708.02795 20778.87429 62.92998 1346.15178 2.63997 14123.43465 107.29982
80721.99471 27802.68452 197011.95496 83322.14014 108457.3132 57311.4847 71890.51323 589.66344 6423.84029 313.24465 12099.94695 121678.2132 89597.59181 685952.15308 235422.63265 25154.55253 3187.27904 88867.99024 318179.18249 316725.32308 4908.74936 81163.49309 176.11969 6212.27893 62.47588 18141.64135
7292.06855 21.26115 34.47571 26.15147 14630.52212 24.21784 10.349 35.41869 778.99882 29.7995 17.40133 31.92327 36.5954 41.50888 15166.87319 61.29447 0.0 68.46578 33.29038 29.1785 16552.10582 17.19726 11.65914 1.6175 11.20221 2.20675
4780.95427 254.06204 63.26022 188.94758 60275.36039 447.59608 722.67691 898.11517 27598.41743 34.71162 127.82664 2980.33281 504.4922 14504.01608 1713.24962 204.92678 1.87242 767.43394 13395.90722 291.3218 853.13841 44.1496 614.16538 5.55422 1677.61726 1.5076
148745.51789 1886.43782 3333.38045 71226.48226 233821.7364 15078.67867 1716.57388 456.43026 176046.26629 31.69833 5558.83002 162573.60474 6491.12313 1655.09578 109088.30081 5365.95562 35.8293 2834.11884 39902.03351 34861.49365 38118.84104 9842.2906 3563.74125 86.12462 119839.48242 117.6779
159386.89768 25449.01434 1215.91374 189.29019 223601.09325 1076.64447 345.37023 150.33898 89578.25538 29.23325 39.56883 1298.88836 27088.22249 2478.50339 94988.13191 67439.35008 7.08424 875.80303 26175.82287 385.38709 32318.56188 81.72535 164.65357 9.94334 17534.47198 9.70282
97908.55551 1222.58836 117226.31112 381297.77631 195042.3577 18942.70041 268718.05511 3068.83963 95646.48232 3125.9899 14551.00124 17984.91132 7824.41941 20517.19074 130994.47521 1701.86564 1677.70304 2580.48421 143503.20288 293597.71944 22175.08482 14664.26243 1634.56 738.99576 27609.41827 1231.92934
16209.13259 27257.91138 46920.62395 55110.14957 10892.54517 331303.41561 26511.65734 6021.21281 24742.75212 1966.96657 18133.76076 103056.60447 154026.02484 495709.81965 59286.01045 63135.36754 292.27658 359940.97756 81760.85241 124658.22481 245311.32241 50214.4016 93183.66591 5237.64012 10201.90223 979.04996
91236.52775 369.01495 331.56666 337.98376 134776.83504 410.22263 133.54952 26614.80326 34708.38749 28.10773 230.99462 74153.49106 4499.10017 335.36129 101895.05383 38501.25519 10.75049 133784.80175 15387.23474 29826.99529 29476.81332 62.22096 340.3746 14.73468 3316.98156 63.822
42.98294 10.83443 11.27399 5.19921 5.72443 9.47879 0.0 2.63509 89.54617 2.36928 0.0 67.08919 9.89868 18.5981 13.24363 2.7218 17.12219 17.44325 44.48602 13.85505 41601.67957 6.35514 1.63292 1.59505 0.0 0.0
193325.39912 7531.94669 34226.94015 53380.83783 522856.62239 9096.34941 28132.74913 4260.9563 205163.98905 155.98009 27360.41446 24323.73251 49381.5802 45216.40992 204911.79118 11735.42093 281.52573 34045.47067 111807.32354 101980.55461 36184.38291 19535.55667 3597.14599 329.90613 69854.36186 179.93128
61473.56936 2232.12317 43634.1077 1482.75222 262824.88562 4839.79931 695.88685 88887.05287 155097.59748 76.21847 11127.71273 15756.46777 18383.92669 2587.02825 112147.05934 53927.24233 2098.94196 1688.96339 114217.55201 297044.61829 87741.29154 350.05005 6634.15953 5.03772 16028.29285 70.41052
149410.00711 717.46167 7369.55048 365.3951 339732.61529 1596.26603 555.22877 1002729.45963 378561.96209 31.69658 130.81991 27759.35006 7466.21025 2822.66629 293602.05581 1210.89391 25.174 120066.93396 95160.29773 48126.93687 71875.10085 328.05751 23226.19238 33.28898 64084.47994 1085.2754
38441.38094 24976.66762 52911.61134 25772.1376 41584.4857 5225.47858 36065.624 300.97154 28521.82384 145.48024 1298.199 97512.25781 39019.23211 111211.18166 3004.84143 38350.93459 72.35727 153036.57594 128085.17567 114238.99818 220.06895 822.52351 78.24504 1109.47766 1287.82521 538.73803
39469.66167 24.96014 65.70845 84.30332 232701.29573 15.50317 29.60268 26.91078 76002.41898 7.2437 3.37545 116.21019 31.78223 43.17772 20049.82879 55.10046 2.12856 247.01238 162.63248 61.81932 623.84927 26.22571 7.42188 4.49854 1380.85211 5.01189
108652.0643 299.29113 190.08254 997.67462 101761.41608 453.30551 27.51783 106806.97684 105574.01491 9.14179 300.95733 4291.85823 307.32232 22271.8393 62527.2405 209.82546 0.0 8673.6101 9892.53674 1844.46342 196.01657 3.89123 73.77619 1.50637 683.68953 0.0
8346.49781 21.64724 7460.76293 1.68263 6145.33122 523.74239 5.42548 1176.18666 11114.63633 5.11074 2.81255 167.28256 65.69222 16.13611 760.97183 18853.34638 82.25536 9.07409 18.0474 13156.6949 1345.28161 550.76715 62.92525 790.68246 726.45837 1.36521
4445.4287 1212.20723 3806.70476 1922.45315 26129.41418 212.46637 731.02462 146.82887 8126.19095 5.61334 92.92584 4160.82307 6675.51857 3725.95315 42267.20021 7024.99946 3.84882 2196.96469 27303.43336 4704.29861 374.36235 51.15763 950.70267 42.11192 19.93017 510.97953
7021.99296 58.58211 21.00797 14.15016 14022.90616 6.08389 47.26653 187.8271 3416.7119 3.09029 9.06537 354.56851 47.13608 43.00522 2024.80511 13.61846 9.13036 53.20518 83.95904 66.27349 606.92846 46.18705 62.79286 1.08224 664.73188 750.12595
